ITS2 type profile UID		131180	132397	131275	131123	131318	131210	131214	132401	131258	132428	131164	132446	131319	131124	132407	132406	132410	132416	132552	132435	131157	131836	131858	132248	132247	132386	132170	131868	132388	132278	131771	131408	131545	131419	131557	131432	131820	131453	132387	131512	132168	132171	132175	132180	131415	131416	132488	132490	132497	132023	132495	131994	132515	132522	132039
Clade		A	A	A	A	A	A	A	A	A	A	A	A	A	A	A	A	A	A	A	A	A	C	C	C	C	C	C	C	C	C	C	C	C	C	C	C	C	C	C	C	C	C	C	C	C	C	D	D	D	D	D	D	D	D	D
Majority ITS2 sequence		A1	A1	A1	A1	A4at	A7/A16d	A1	A1	A10	A1k	A1	A1	A4p	A1	A1	A1	A1k	A1cc	A1	A1k	A13	C41	C1	C41	C41/C1	C41	C1	C15h	C3	C15	C15/C1	C41	C15	C65a	C15r	C22b	C3	C3/C1	C41	C15h	C1	C41	C1	C41	C1	C15	D1	D1	D1	D3a	D1	D1	D1	D1	D1
Associated species		S. microadriaticum	S. microadriaticum	S. microadriaticum	S. microadriaticum	None	None	S. microadriaticum	S. microadriaticum	None	S. microadriaticum	S. microadriaticum	S. microadriaticum	None	S. microadriaticum	S. microadriaticum	S. microadriaticum	S. microadriaticum	None	S. microadriaticum	S. microadriaticum	None	S. goreaui	S. goreaui	None	S. goreaui	None	S. goreaui	None	S. thermophilum	None	S. goreaui	None	None	None	None	None	S. thermophilum	S. goreaui	None	None	S. goreaui	S. goreaui	S. goreaui	None	S. goreaui	None	S. trenchii	S. trenchii	S. trenchii	None	S. glynnii,S. trenchii	S. trenchii	S. glynnii,S. trenchii	S. trenchii	S. trenchii
ITS2 profile abundance local		9	7	4	3	3	2	2	2	2	2	2	2	2	1	1	1	1	1	1	1	1	24	19	12	10	9	4	2	2	2	2	2	2	2	2	2	2	2	1	1	1	1	1	1	1	1	5	4	4	4	1	1	1	1	1
ITS2 profile abundance DB		52	143	4	325	8	19	11	30	7	14	50	21	2	26	77	54	7	10	9	38	8	49	57	12	13	18	53	20	6	176	69	50	39	9	49	33	36	25	32	48	42	42	44	49	61	177	363	92	43	28	176	61	42	11	48
ITS2 type profile		A1-A1bw-A1bf-A1bx	A1-A1cc-A1c-A1h-A1q-A1i	A1-A1m-A1n-A1gg	A1	A4at	A7/A16d	A1-A13a-A13b	A1-A1g-A1m	A10	A1k/A1-A1ea	A1-A1z	A1-A1cr-A1dl	A4p	A1/A1c-A1cc-A1h	A1-A1c-A1cc-A1h-A1bv-A1cb-A1ce	A1/A1c-A1h-A1cc-A1ce-A1ch	A1/A1k-A1g-A1b	A1cc	A1-A1k	A1/A1k-A1b-A1z	A13	C41/C1-C41b-C1b-C41o	C1/C39-C1b-C41-C1ae-C41f-C41a-C1eb	C41-C1-C41x-C41b-C1b	C41/C1-C41b-C41j-C1b	C41-C1-C41b-C41j-C41g-C41w	C1/C41e-C1b-C41f-C41a-C41-C39-C1ae-C1f-C1eb	C15h-C15as-C15at-C15au	C3/C3hp-C3gulf-C115d	C15-C15bn-C15by-C15ai	C15/C1	C41	C15/C15u-C15df-C15y-C15x-C15v-C15aa-C15z	C65a-C65c	C15r/C15	C22b/C15/C15r	C3/C3gulf-C115d	C3/C1n/C3v/C1-C1q-C89-C3az-C1aa	C41-C1-C41b-C41g-C1b-C41w-C41o	C15h	C1-C1b-C39-C41-C41f-C41a-C1ae-C41e-C1af-C1f-C39a	C1/C41/C15/C39/C3-C1b	C1/C41/C39-C1b-C3	C41-C41b-C1-C41g-C1b-C41m	C1	C15	D1-D4-D4c-D1h-D1c-D2	D1/D4-D17d-D4c-D17c-D2-D1r-D17e-D17j-D17k-D17l	D1/D4-D4c-D4f-D1h	D3a/D3-D3c-D3d	D1-D4c-D4-D6-D1h	D1/D4	D1-D4-D17d-D4c-D17e-D6-D1r-D17c-D17j	D1-D4-D4c-D4f-D1b-D1h	D1-D4-D4c-D4f-D17d
134863	Mucus_ITS_038	0	0	0	0	0	0	0	0	0	0	0	0	0	0	0	0	0	0	0	0	0	31733.0	0	0	0	0	0	0	0	0	0	0	0	0	0	0	0	0	0	0	0	0	0	0	0	0	0	0	0	0	0	0	0	0	0
134850	Mucus_ITS_025	0	0	0	0	0	0	0	0	0	0	0	0	0	0	0	0	0	0	0	0	0	59368.0	0	0	0	0	0	0	0	0	0	0	0	0	0	0	0	0	0	0	0	0	0	0	0	0	0	0	0	0	0	0	0	0	0
134808	Coral_ITS_031	0	0	0	0	0	0	0	0	0	0	0	0	0	0	0	0	0	0	0	0	0	70677.0	0	0	0	0	0	0	0	0	0	0	0	0	0	0	0	0	0	0	0	0	0	0	0	0	0	0	0	0	0	0	0	0	0
134859	Mucus_ITS_034	0	0	0	0	0	0	0	0	0	0	0	0	0	0	0	0	0	0	0	0	0	92821.0	0	0	0	0	0	0	0	0	0	0	0	0	0	0	0	0	0	0	0	0	0	0	0	0	0	0	0	0	0	0	0	0	0
134879	Mucus_ITS_054	156.0	0	0	0	0	0	0	0	0	0	0	0	0	0	0	0	0	0	0	0	0	57580.0	0	0	0	0	0	0	0	0	0	0	0	0	0	0	0	0	0	0	0	0	0	0	0	0	0	0	0	0	0	0	0	0	0
134782	Coral_ITS_005	0	0	0	0	0	0	0	0	0	0	0	0	0	0	0	0	0	0	0	0	0	375891.0	0	0	0	0	0	0	0	0	0	0	0	0	0	0	0	0	0	0	0	0	0	0	0	0	0	0	0	0	0	0	0	0	0
134795	Coral_ITS_018	0	0	0	0	0	0	0	0	0	0	0	0	0	0	0	0	0	0	0	0	0	181044.0	0	0	0	0	0	0	0	0	0	0	0	0	0	0	0	0	0	0	0	0	0	0	0	0	0	0	0	0	0	0	0	0	0
134851	Mucus_ITS_026	0	0	0	0	0	0	0	0	0	0	0	0	0	0	0	0	0	0	0	0	0	33629.0	0	0	0	0	0	0	0	0	0	0	0	0	0	0	0	0	0	0	0	0	0	0	0	0	0	0	0	0	0	0	0	0	185.0
134791	Coral_ITS_014	0	0	0	0	0	0	0	0	0	0	0	0	0	0	0	0	0	0	0	0	0	138589.0	0	0	0	0	0	0	0	0	0	0	0	0	0	0	0	0	0	0	0	0	0	0	0	0	0	0	0	0	0	0	0	0	0
134801	Coral_ITS_024	0	0	0	0	0	0	0	0	0	0	0	0	0	0	0	0	0	0	0	0	0	332008.0	0	0	0	0	0	0	0	0	0	0	0	0	0	0	0	0	0	0	0	0	0	0	0	0	0	0	0	0	0	0	0	0	0
134812	Coral_ITS_035	1101.0	0	0	0	0	0	0	0	0	0	0	0	0	0	0	0	0	0	0	0	0	403703.0	0	0	0	0	0	0	0	0	0	0	0	0	0	0	0	0	0	0	0	0	0	0	0	0	0	0	0	0	0	0	0	0	0
134869	Mucus_ITS_044	0	0	0	0	0	0	0	0	0	0	0	0	0	0	0	0	0	0	274.0	0	0	53355.0	0	0	0	0	0	0	0	0	0	0	0	0	0	0	0	0	0	0	0	0	0	0	0	0	0	0	0	0	0	0	0	0	0
134836	Coral_ITS_059	0	0	0	0	0	0	0	0	0	0	0	0	0	0	0	0	0	0	0	0	0	219437.0	0	0	0	0	0	0	0	0	0	0	0	0	0	0	0	0	0	0	0	0	0	0	0	0	0	0	0	0	0	0	0	0	0
134903	Mucus_ITS_078	0	0	0	0	0	0	0	0	0	0	0	0	0	0	0	0	0	0	0	0	0	9790.0	0	0	0	0	0	0	0	0	0	0	0	0	0	0	0	0	0	0	0	0	0	0	0	0	0	0	0	0	0	0	0	0	0
134871	Mucus_ITS_046	1363.0	0	0	0	0	0	0	0	0	0	0	0	0	0	0	0	0	0	0	0	0	36235.0	0	0	0	0	0	0	0	0	0	0	0	0	0	0	0	0	0	0	0	0	0	0	0	0	0	0	0	0	0	0	0	0	0
134803	Coral_ITS_026	21122.0	0	0	0	0	0	0	0	0	0	0	0	0	0	0	0	0	0	0	0	0	165717.0	0	0	0	0	0	0	0	0	0	0	0	0	0	0	0	0	0	0	0	0	0	0	0	0	0	0	0	0	0	0	0	0	0
134876	Mucus_ITS_051	0	0	0	0	0	0	0	0	0	0	0	0	0	0	0	0	0	0	0	0	0	9935.0	0	0	0	0	0	0	0	0	0	0	0	0	0	0	0	0	0	0	0	0	0	0	0	0	0	0	0	0	0	0	0	0	0
134783	Coral_ITS_006	0	0	0	0	0	0	0	0	0	0	0	0	0	145.0	0	0	0	0	0	0	0	227036.0	0	0	0	0	0	0	0	0	0	0	0	0	0	0	0	0	0	0	0	0	0	0	0	0	0	36544.0	0	0	0	0	0	0	0
134809	Coral_ITS_032	0	0	0	0	0	0	0	0	0	0	0	0	0	0	0	0	0	0	0	0	0	44568.0	0	0	0	0	0	0	0	0	0	0	0	0	0	0	0	0	0	0	0	0	0	0	0	0	0	0	0	0	0	0	0	0	0
134861	Mucus_ITS_036	0	0	0	0	0	0	0	0	0	0	0	0	0	0	0	0	0	0	0	0	0	62865.0	0	0	0	0	0	0	0	0	0	0	0	0	0	0	0	0	0	0	0	0	0	0	0	0	0	0	0	0	0	0	0	0	0
134793	Coral_ITS_016	0	0	0	0	0	0	0	0	0	0	0	0	0	0	0	0	0	0	0	0	0	106647.0	0	0	0	0	0	0	0	0	0	0	0	0	0	0	0	0	0	0	0	0	0	0	0	0	0	0	0	0	0	0	0	0	0
134908	Mucus_ITS_083	0	0	0	0	0	0	0	0	0	0	0	0	0	0	0	0	0	0	0	0	0	0	15833.0	0	0	0	0	0	0	0	0	0	0	0	0	0	0	0	0	0	0	0	0	0	0	0	0	0	0	0	0	0	0	0	0
134858	Mucus_ITS_033	0	0	0	0	0	0	0	0	0	0	0	0	0	0	0	0	0	0	0	0	0	0	56223.0	0	0	0	0	0	0	0	0	0	0	0	0	0	0	0	0	0	0	0	0	0	0	0	0	0	0	0	0	0	0	0	0
134900	Mucus_ITS_075	0	0	0	0	0	0	0	0	0	0	0	0	0	0	0	0	0	0	0	0	0	0	3313.0	0	0	0	0	0	0	0	0	0	0	0	0	0	0	0	0	0	0	0	0	0	0	0	0	0	0	0	0	0	0	0	0
134877	Mucus_ITS_052	0	0	0	0	0	0	0	0	0	0	0	0	0	0	0	0	0	0	0	0	0	0	9997.0	0	0	0	0	0	0	0	0	0	0	0	0	0	0	0	0	0	0	0	0	0	0	0	0	0	0	0	0	0	0	0	0
134841	Coral_ITS_064	0	0	0	0	0	0	0	0	0	0	0	0	0	0	0	0	0	0	0	0	0	0	108748.0	0	0	0	0	0	0	0	0	0	0	0	0	0	0	0	0	0	0	0	0	0	0	0	0	0	0	0	0	0	0	0	0
134838	Coral_ITS_061	0	0	0	0	0	0	0	0	0	0	0	0	0	0	0	0	0	0	0	0	0	0	130899.0	0	0	0	0	0	0	0	0	0	0	0	0	0	0	0	0	0	0	0	0	0	0	0	0	0	0	0	0	0	0	0	0
134820	Coral_ITS_043	0	0	0	0	0	0	0	0	0	0	0	0	0	0	0	0	0	0	0	0	0	0	103981.0	0	0	0	0	0	0	0	0	0	0	0	0	0	0	0	0	0	0	0	0	0	0	0	0	0	0	0	0	0	0	0	0
134790	Coral_ITS_013	0	0	0	0	0	0	0	0	0	0	0	0	0	0	0	0	0	0	0	0	0	0	76573.0	0	0	0	0	0	0	0	0	0	0	0	0	0	0	0	0	0	0	0	0	0	0	0	0	0	0	0	0	0	0	0	0
134905	Mucus_ITS_080	0	0	0	0	0	0	0	0	0	0	0	0	0	0	0	0	0	0	0	0	0	0	6283.0	0	0	0	0	0	0	0	0	0	0	0	0	0	0	0	0	0	0	0	0	0	0	0	0	0	0	0	0	0	0	0	0
134833	Coral_ITS_056	0	0	0	0	0	0	0	0	0	0	0	0	0	0	0	0	0	0	0	0	0	0	122810.0	0	0	0	0	0	0	0	0	0	0	0	0	0	0	0	0	0	0	0	0	0	0	0	0	0	0	0	0	0	0	0	0
134887	Mucus_ITS_062	0	0	0	0	0	0	0	0	0	0	0	0	0	0	0	0	0	0	0	0	0	0	36538.0	0	0	0	0	0	0	0	0	0	0	0	0	0	0	0	0	0	0	0	0	0	0	0	0	0	0	0	0	0	0	0	0
134810	Coral_ITS_033	0	0	0	0	0	0	0	0	0	0	0	0	0	0	0	0	0	0	0	0	0	0	182856.0	0	0	0	0	0	0	0	0	0	0	0	0	0	0	0	0	0	0	0	0	0	0	0	0	0	0	0	0	0	0	0	0
134842	Coral_ITS_065	0	0	0	0	0	0	0	0	0	0	0	0	0	0	0	0	0	0	0	0	0	0	145419.0	0	0	0	0	0	0	0	0	0	0	0	0	0	0	0	0	0	0	0	0	0	0	0	0	0	0	0	0	0	0	0	0
134826	Coral_ITS_049	318.0	0	0	0	161.0	0	0	0	0	0	0	0	0	0	0	0	0	48.0	0	0	0	0	149965.0	0	0	0	0	0	0	0	0	0	0	0	0	0	0	0	0	0	0	0	0	0	0	0	0	459.0	0	0	0	0	0	0	0
134837	Coral_ITS_060	0	0	0	0	0	0	0	0	0	0	0	0	0	0	0	0	0	0	0	0	0	0	417543.0	0	0	0	0	0	0	0	0	0	0	0	0	0	0	0	0	0	0	0	0	0	0	0	0	0	0	0	0	0	0	0	0
134827	Coral_ITS_050	0	0	0	0	0	0	0	0	0	0	0	0	0	0	0	0	0	0	0	0	0	0	145326.0	0	0	0	0	0	0	0	0	0	0	0	0	0	0	0	0	0	0	0	0	0	0	0	0	0	0	0	0	0	0	0	0
134909	Mucus_ITS_084	0	0	0	0	0	0	0	0	0	0	0	0	0	0	0	0	0	0	0	0	0	0	13005.0	0	0	0	0	0	0	0	0	0	0	0	0	0	0	0	0	0	0	0	0	0	0	0	0	0	0	0	0	0	0	0	0
134893	Mucus_ITS_068	0	0	0	0	0	0	0	0	0	0	0	0	0	0	0	0	0	0	0	0	0	0	629.0	0	0	0	0	0	0	0	0	0	0	0	0	0	0	0	0	0	0	0	0	0	0	0	0	0	0	0	0	0	0	0	0
134875	Mucus_ITS_050	0	0	0	0	0	0	0	0	0	0	0	0	0	0	0	0	0	0	0	0	0	0	0	8877.0	0	0	0	0	0	0	0	0	0	0	0	0	0	0	0	0	0	0	0	0	0	0	0	0	0	0	0	0	0	0	0
134884	Mucus_ITS_059	0	0	0	0	0	0	0	0	0	0	0	0	0	0	0	0	0	0	0	0	0	0	0	15949.0	0	0	0	0	0	0	0	0	0	0	0	0	0	0	0	0	0	0	0	0	0	0	0	0	0	0	0	0	0	0	0
134824	Coral_ITS_047	0	0	0	0	0	0	0	0	0	0	0	0	0	0	0	0	0	0	0	0	0	0	0	184943.0	0	0	0	0	0	0	0	0	0	0	0	0	0	0	0	0	0	0	0	0	0	0	0	0	0	0	0	0	0	0	0
134823	Coral_ITS_046	0	0	0	0	0	0	0	0	0	0	0	0	0	0	0	0	0	0	0	0	0	0	0	344647.0	0	0	0	0	0	0	0	0	0	0	0	0	0	0	0	0	0	0	0	0	0	0	0	0	0	0	0	0	0	0	0
134855	Mucus_ITS_030	0	0	0	0	0	0	0	0	0	0	0	0	0	0	0	0	0	0	0	0	0	0	0	14627.0	0	0	0	0	0	0	0	0	0	0	0	0	0	0	0	0	0	0	0	0	0	0	0	0	0	0	0	0	0	0	0
134891	Mucus_ITS_066	0	0	0	0	0	0	0	0	0	0	0	0	0	0	0	0	0	0	0	0	0	0	0	49502.0	0	0	0	0	0	0	0	0	0	0	0	0	0	0	0	0	0	0	0	0	0	0	0	0	0	0	0	0	0	0	0
134899	Mucus_ITS_074	0	0	0	0	0	0	0	0	0	0	0	0	0	0	0	0	0	0	0	0	0	0	0	36341.0	0	0	0	0	0	0	0	0	0	0	0	0	0	0	0	0	0	0	0	0	0	0	0	0	0	0	0	0	0	0	0
134872	Mucus_ITS_047	0	0	0	0	0	0	0	0	0	0	0	0	0	0	0	0	0	0	0	0	0	0	0	6138.0	0	0	0	0	0	0	0	0	0	0	0	0	0	0	0	0	0	0	0	0	0	0	0	0	0	0	0	0	0	0	0
134804	Coral_ITS_027	0	0	0	0	0	0	0	0	0	0	0	0	0	0	0	0	0	0	0	0	0	0	0	39857.0	0	0	0	0	0	0	0	0	0	0	0	0	0	0	0	0	0	0	0	0	0	0	0	0	0	0	0	0	0	0	0
134787	Coral_ITS_010	0	0	0	0	0	0	0	0	0	0	0	0	0	0	0	0	0	0	0	0	0	0	0	340884.0	0	0	0	0	0	0	0	0	0	0	0	0	0	0	0	0	0	0	0	0	0	0	0	0	0	0	0	0	0	0	0
134880	Mucus_ITS_055	0	0	0	0	0	0	0	0	0	0	0	0	0	0	0	0	0	0	0	0	0	0	0	21343.0	0	0	0	0	0	0	0	0	0	0	0	0	0	0	0	0	0	0	0	0	0	0	0	0	0	0	0	0	0	0	0
134817	Coral_ITS_040	0	0	0	0	0	0	0	0	0	0	0	0	0	0	0	0	0	0	0	0	0	0	0	0	101785.0	0	0	0	0	0	0	0	0	0	0	0	0	0	0	0	0	0	0	0	0	0	0	0	0	0	0	0	0	0	0
134886	Mucus_ITS_061	0	0	0	0	0	0	0	0	0	0	0	0	0	0	0	0	0	0	0	0	0	0	0	0	82089.0	0	0	0	0	0	0	0	0	0	0	0	0	0	0	0	0	0	0	0	0	0	0	0	0	0	0	0	0	0	0
134866	Mucus_ITS_041	0	0	0	0	0	0	0	0	0	0	0	0	0	0	0	0	0	0	0	0	0	0	0	0	26336.0	0	0	0	0	0	0	0	0	0	0	0	0	0	0	0	0	0	0	0	0	0	0	0	0	0	0	0	0	0	0
134819	Coral_ITS_042	0	0	0	0	0	0	0	0	0	0	0	0	0	0	0	0	0	0	0	0	0	0	0	0	103342.0	0	0	0	0	0	0	0	0	0	0	0	0	0	0	0	0	0	0	0	0	0	0	0	0	0	0	0	0	0	0
134815	Coral_ITS_038	0	0	0	0	0	0	0	0	0	0	0	0	0	0	0	0	0	0	0	0	0	0	0	0	136096.0	0	0	0	0	0	0	0	0	0	0	0	0	0	0	0	0	0	0	0	0	0	0	0	0	0	0	0	0	0	0
134832	Coral_ITS_055	0	0	0	0	0	0	0	0	0	0	0	0	0	0	0	0	0	0	0	0	0	0	0	0	89720.0	0	0	0	0	0	0	0	0	0	0	0	0	0	0	0	0	0	0	0	0	0	0	0	0	0	0	0	0	0	0
134781	Coral_ITS_004	0	0	0	0	0	0	0	0	0	0	0	0	0	0	0	0	0	0	0	0	0	0	0	0	163632.0	0	0	0	0	0	0	0	0	0	0	0	0	0	0	0	0	0	0	0	0	0	0	0	0	0	0	0	0	0	0
134870	Mucus_ITS_045	0	0	0	0	0	0	0	0	0	0	0	0	0	0	0	0	0	0	0	0	0	0	0	0	156.0	0	0	0	0	0	0	0	0	0	0	0	0	0	0	0	0	0	0	0	0	0	0	0	0	0	0	0	0	0	0
134882	Mucus_ITS_057	0	0	0	0	0	0	0	0	0	0	0	0	0	0	0	0	0	0	0	0	0	0	0	0	0	82800.0	0	0	0	0	0	0	0	0	0	0	0	0	0	0	0	0	0	0	0	0	0	0	0	0	0	0	0	0	0
134846	Mucus_ITS_021	0	0	0	0	0	0	0	0	0	0	0	0	0	0	0	0	0	0	0	0	0	0	0	0	0	228370.0	0	0	0	0	0	0	0	0	0	0	0	0	0	0	0	0	0	0	0	0	0	0	0	0	0	0	0	0	0
134813	Coral_ITS_036	443.0	0	0	0	0	19.0	0	0	0	0	0	0	0	0	0	0	0	0	0	0	150.0	0	0	0	0	282130.0	0	0	0	0	0	0	0	0	0	0	0	0	0	0	0	0	0	0	0	0	0	0	0	0	0	0	0	0	0
134778	Coral_ITS_001	0	0	0	0	0	0	0	0	0	0	0	0	0	0	0	0	0	0	0	0	0	0	0	0	0	114387.0	0	0	0	0	0	0	0	0	0	0	0	0	0	0	0	0	0	0	0	0	0	0	0	0	0	0	0	0	0
134798	Coral_ITS_021	0	0	0	0	0	0	0	0	0	0	0	0	0	0	0	0	0	0	0	0	0	0	0	0	0	160735.0	0	0	0	0	0	0	0	0	0	0	0	0	0	0	0	0	0	0	0	0	0	0	0	0	0	0	0	0	0
134849	Mucus_ITS_024	0	0	0	0	0	0	0	0	0	0	0	0	0	0	0	0	0	0	0	0	0	0	0	0	0	32398.0	0	0	0	0	0	0	0	0	0	0	0	0	0	0	0	0	0	0	0	0	0	0	0	0	0	0	0	0	0
134825	Coral_ITS_048	8111.0	0	0	0	0	0	0	0	0	0	0	0	0	0	0	0	0	0	0	0	0	0	0	0	0	284436.0	0	0	0	0	0	0	0	0	0	0	0	0	0	0	0	0	0	0	0	0	0	0	0	0	0	0	0	0	0
134892	Mucus_ITS_067	2737.0	0	0	0	0	0	0	0	0	0	0	0	0	0	0	0	0	0	0	0	0	0	0	0	0	59181.0	0	0	0	0	0	0	0	0	0	0	0	0	0	0	0	0	0	0	0	0	0	0	0	0	0	0	0	0	0
134890	Mucus_ITS_065	0	0	0	0	0	0	0	0	0	0	0	0	0	0	0	0	0	0	0	0	0	0	0	0	0	9048.0	0	0	0	0	0	0	0	0	0	0	0	0	0	0	0	0	0	0	0	0	0	0	0	0	0	0	0	0	0
134873	Mucus_ITS_048	0	23647.0	0	0	0	0	0	0	0	0	0	0	0	0	0	0	0	0	0	0	0	0	0	0	0	0	0	0	0	0	0	0	0	0	0	0	0	0	0	0	0	0	0	0	0	0	0	0	0	0	0	0	0	0	0
134854	Mucus_ITS_029	0	31041.0	0	0	0	0	0	0	0	0	0	0	0	0	0	0	0	0	0	0	0	0	0	0	0	0	0	0	0	0	0	0	0	0	0	0	0	0	0	0	0	0	0	0	0	0	0	0	0	0	0	0	0	0	0
134888	Mucus_ITS_063	0	25614.0	0	0	0	0	0	0	0	0	0	0	0	0	0	0	0	0	0	0	0	0	0	0	0	0	0	0	0	0	0	0	0	0	0	0	0	0	0	0	0	0	0	0	0	0	0	0	0	0	0	0	0	0	0
134857	Mucus_ITS_032	0	24905.0	0	0	0	0	0	0	0	0	0	0	0	0	0	0	0	0	0	0	0	0	0	0	0	0	0	0	0	0	0	0	0	0	0	0	0	0	0	0	0	0	0	0	0	0	0	0	0	0	0	0	0	0	0
134821	Coral_ITS_044	0	126854.0	0	0	0	0	0	0	0	0	0	0	0	0	0	0	0	0	0	0	0	0	0	0	0	0	0	0	0	0	0	0	0	0	0	0	0	0	0	0	0	0	0	0	0	0	0	0	0	0	0	0	0	0	0
134805	Coral_ITS_028	0	72680.0	0	0	0	0	0	0	0	0	0	0	0	0	0	0	0	0	0	0	0	0	0	0	0	0	0	15257.0	0	0	0	0	0	0	0	0	0	0	0	0	0	0	0	0	0	0	0	0	0	0	0	0	0	0	0
134796	Coral_ITS_019	0	0	0	0	0	0	0	0	0	0	0	0	0	0	0	0	0	0	0	0	0	0	0	0	0	0	0	0	0	0	0	0	0	0	0	0	0	0	0	0	0	0	0	0	0	0	103831.0	0	0	0	0	0	0	0	0
134864	Mucus_ITS_039	0	0	0	0	0	0	0	0	0	0	0	0	0	0	0	0	0	0	0	0	0	0	0	0	0	0	0	0	0	0	0	0	0	0	0	0	0	0	0	0	0	0	0	0	0	0	68124.0	0	0	0	0	0	0	0	0
134797	Coral_ITS_020	0	0	0	0	0	0	0	0	0	0	0	0	0	0	0	0	0	0	0	0	0	0	0	0	0	0	0	0	0	0	0	0	0	0	0	0	0	0	0	0	0	0	0	0	0	0	100521.0	0	0	0	0	0	0	0	0
134800	Coral_ITS_023	0	0	0	0	0	0	0	0	0	0	0	0	0	0	0	0	0	0	0	0	0	0	15603.0	0	0	0	0	0	0	0	0	0	0	0	0	0	0	0	0	0	0	0	0	0	0	0	208150.0	0	0	0	0	0	0	0	0
134844	Coral_ITS_067	0	0	0	0	0	0	0	0	0	0	0	0	0	0	0	0	0	0	0	0	0	0	0	0	0	0	0	0	0	0	0	0	0	0	0	0	0	0	0	0	0	0	0	0	0	0	0	0	113301.0	0	0	0	0	0	0
134811	Coral_ITS_034	0	0	0	0	0	0	0	0	0	0	0	0	0	0	0	0	0	0	0	0	0	0	0	0	0	0	0	0	0	0	83.0	53.0	0	0	0	0	0	0	0	0	0	0	0	0	0	0	0	0	569247.0	0	0	0	0	0	0
134911	Mucus_ITS_086	0	0	0	0	0	0	0	0	0	0	0	0	0	0	0	0	0	0	0	0	0	0	0	0	0	0	0	0	0	0	0	0	0	0	0	0	0	0	0	0	0	0	0	0	0	0	0	0	44124.0	0	0	0	0	0	0
134878	Mucus_ITS_053	0	0	0	0	0	0	0	0	0	0	0	0	0	0	0	0	0	0	0	0	0	0	0	0	0	0	0	0	0	0	0	0	0	0	0	0	0	0	0	0	0	0	0	0	0	0	0	0	4623.0	0	0	0	0	0	0
134883	Mucus_ITS_058	0	0	0	0	0	0	0	0	0	0	0	0	0	0	0	0	0	0	0	0	0	0	0	0	0	0	0	0	0	0	0	0	0	0	0	0	0	0	0	0	0	0	0	0	0	0	0	0	0	43354.0	0	0	0	0	0
134780	Coral_ITS_003	0	0	0	0	0	0	0	0	0	0	0	0	0	0	0	0	0	0	0	0	0	0	0	0	182.0	0	0	0	0	0	0	0	0	0	0	0	0	0	0	0	0	0	0	0	0	39.0	0	0	0	158519.0	0	0	0	0	0
134816	Coral_ITS_039	0	189.0	0	0	0	0	0	0	0	0	0	0	0	0	0	0	0	0	0	0	0	0	0	0	0	0	0	0	0	0	0	0	0	0	0	0	0	0	0	0	0	409.0	0	0	0	0	0	0	0	149760.0	0	0	0	0	0
134848	Mucus_ITS_023	0	0	0	0	0	0	0	0	0	0	0	0	0	0	0	0	0	0	0	0	0	0	0	0	0	0	0	0	0	0	0	0	0	0	0	0	0	0	0	0	0	0	0	0	0	0	0	0	0	3101.0	0	0	0	0	0
134894	Mucus_ITS_069	0	0	0	0	0	0	0	0	0	0	0	0	0	0	0	0	0	0	0	0	0	0	0	0	0	0	15437.0	0	0	0	0	0	0	0	0	0	0	0	0	0	0	0	0	0	0	0	0	0	0	0	0	0	0	0	0
134802	Coral_ITS_025	64.0	0	0	0	0	90.0	0	0	0	0	0	0	0	0	0	0	0	0	0	0	0	0	0	0	0	0	68206.0	0	0	0	0	0	0	0	0	0	0	0	0	0	0	0	0	0	0	0	0	0	0	0	0	0	0	0	0
134896	Mucus_ITS_071	0	0	0	0	0	0	0	0	0	0	0	0	0	0	0	0	0	0	0	0	0	0	0	0	0	0	1477.0	0	0	0	0	0	0	0	0	0	0	0	0	0	0	0	0	0	0	0	0	0	0	0	0	0	0	0	0
134829	Coral_ITS_052	0	0	0	0	0	0	0	0	0	0	0	0	0	0	0	0	0	0	0	0	0	0	0	0	0	0	77776.0	0	0	0	0	0	0	0	0	0	0	0	0	0	0	0	0	0	0	0	0	0	0	0	0	0	0	0	0
134881	Mucus_ITS_056	0	0	12777.0	0	0	0	0	0	0	0	0	0	0	0	0	0	0	0	0	0	0	0	0	0	0	0	0	0	0	0	0	0	0	0	0	0	0	0	0	0	0	0	0	0	0	0	0	0	0	0	0	0	0	0	0
134779	Coral_ITS_002	0	0	161684.0	0	0	0	0	0	0	0	0	0	0	0	0	0	0	0	0	0	0	0	0	0	0	0	0	0	0	0	0	0	0	0	0	0	0	0	0	0	0	0	0	0	0	0	0	0	0	0	0	0	0	0	0
134847	Mucus_ITS_022	0	0	73547.0	0	0	0	0	0	0	0	0	0	0	0	0	0	0	0	0	0	0	0	0	0	0	0	0	0	0	0	0	0	0	0	0	0	0	0	0	0	0	0	0	0	0	0	0	0	0	0	0	0	0	0	0
134814	Coral_ITS_037	0	0	130523.0	0	0	0	0	0	0	0	0	0	0	0	0	0	0	0	0	0	0	0	0	0	0	0	0	0	0	0	0	0	0	0	0	0	0	0	0	0	0	0	0	0	0	0	0	0	0	0	0	0	0	0	0
134831	Coral_ITS_054	0	0	0	56172.0	14080.0	0	0	0	0	0	0	0	0	0	0	0	0	0	0	0	0	0	0	0	0	0	0	0	0	0	0	0	0	0	0	0	0	0	0	0	0	0	0	0	19008.0	0	0	0	0	0	0	0	0	0	0
134898	Mucus_ITS_073	0	0	0	7037.0	39363.0	0	0	0	0	0	0	0	0	0	0	0	0	0	0	0	0	0	0	0	0	0	0	0	0	0	0	0	0	0	0	0	0	0	0	0	0	0	0	0	0	0	0	0	0	0	0	0	0	0	0
134910	Mucus_ITS_085	0	0	0	0	0	0	27166.0	0	0	0	0	0	0	0	0	0	0	0	0	0	0	0	0	0	0	0	0	0	0	0	0	0	0	0	0	0	0	0	0	0	0	0	0	0	0	0	0	0	0	0	0	0	0	0	0
134843	Coral_ITS_066	0	0	0	0	0	0	84266.0	0	0	0	0	0	0	0	0	0	0	0	0	0	0	0	0	0	0	0	0	0	0	0	0	0	0	0	0	0	0	0	0	0	0	0	0	0	0	0	0	0	0	0	0	0	0	0	0
134907	Mucus_ITS_082	0	0	0	0	0	0	0	0	0	0	0	0	0	0	0	0	0	0	0	0	0	0	0	0	0	0	0	0	4771.0	0	0	0	0	0	0	0	0	0	0	0	0	0	0	0	0	0	0	0	0	0	0	0	0	0	0
134840	Coral_ITS_063	0	0	0	0	0	0	0	0	0	0	0	0	0	0	0	0	0	0	0	0	0	0	0	0	0	0	0	0	64828.0	0	0	0	0	0	0	0	0	0	0	0	0	0	0	0	0	0	0	0	0	0	0	0	0	0	0
134912	Mucus_ITS_087	0	0	0	0	0	0	0	25587.0	0	0	0	0	0	0	0	0	0	0	0	0	0	0	0	0	0	0	0	0	0	0	0	0	0	0	0	0	0	0	0	0	0	0	0	0	0	0	0	0	0	0	0	0	0	0	0
134845	Coral_ITS_068	0	0	0	0	0	0	0	59446.0	0	0	0	0	0	0	0	0	0	0	0	0	0	0	0	0	0	0	0	785.0	0	0	0	0	0	0	0	0	0	0	0	0	0	0	0	0	0	0	0	0	0	0	0	0	0	0	0
134860	Mucus_ITS_035	0	0	0	0	0	0	0	0	0	0	0	0	0	0	0	0	0	0	0	0	0	0	0	0	0	0	0	0	0	41314.0	0	0	0	0	0	0	0	0	0	0	0	0	0	0	0	0	0	0	0	0	0	0	0	0	0
134792	Coral_ITS_015	0	0	0	0	0	0	0	0	0	0	0	0	0	0	0	0	0	0	0	0	0	0	0	0	0	0	0	0	0	145715.0	0	0	0	0	0	0	0	0	0	0	0	0	0	0	0	0	0	0	0	0	0	0	0	0	0
134902	Mucus_ITS_077	0	0	0	0	0	0	0	0	841.0	0	0	0	0	0	0	0	0	0	0	0	0	0	0	0	0	0	0	0	0	0	0	0	0	0	0	0	0	0	0	0	0	0	0	0	0	0	0	0	0	0	0	0	0	0	0
134835	Coral_ITS_058	0	0	0	0	0	0	0	0	221333.0	0	0	0	0	0	0	0	0	0	0	0	0	0	0	0	0	0	0	0	0	0	0	0	0	0	0	0	0	0	0	0	0	0	8229.0	0	0	0	0	0	0	0	0	0	0	0	0
134799	Coral_ITS_022	0	0	0	0	0	0	0	0	0	245649.0	0	0	0	0	0	0	0	0	0	0	0	0	0	0	0	0	0	0	0	0	0	0	0	0	0	0	0	0	0	0	0	0	0	0	0	0	0	0	0	0	0	0	0	0	0
134862	Mucus_ITS_037	0	0	0	0	0	0	0	0	0	75829.0	0	0	0	0	0	0	0	0	0	0	0	0	0	0	0	0	0	0	0	0	0	0	0	0	0	0	0	0	0	0	0	0	0	0	0	0	0	0	0	0	0	0	0	0	0
134830	Coral_ITS_053	0	0	0	391.0	0	0	0	0	0	0	0	0	0	0	0	0	0	0	0	0	0	0	0	0	0	0	0	0	0	0	108.0	2097.0	0	0	0	0	0	0	0	0	0	0	0	0	0	0	0	0	0	0	0	655.0	0	0	0
134784	Coral_ITS_007	0	0	0	0	0	0	0	0	0	0	0	0	0	0	0	0	0	0	0	0	0	0	0	0	0	0	0	0	0	0	0	0	162318.0	0	0	0	0	0	0	0	0	0	0	0	0	0	0	0	0	0	0	0	0	0	0
134852	Mucus_ITS_027	0	0	0	0	0	0	0	0	0	0	0	0	0	0	0	0	0	0	0	0	0	0	0	0	0	0	0	0	0	0	0	0	37091.0	0	0	0	0	0	0	0	0	0	0	0	0	0	0	0	0	0	0	0	0	0	0
134895	Mucus_ITS_070	0	0	0	0	0	0	0	0	0	0	0	0	757.0	0	0	0	0	0	0	0	0	0	0	0	0	0	0	0	0	0	0	0	0	75228.0	0	0	0	0	0	0	0	0	0	0	0	0	0	3163.0	0	0	0	0	0	0	0
134828	Coral_ITS_051	0	0	0	0	0	0	0	0	0	0	0	0	191.0	0	0	0	0	0	0	0	0	0	0	0	0	0	0	0	0	0	0	0	0	149954.0	0	0	0	0	0	0	0	0	0	0	0	0	0	40187.0	0	0	0	0	0	0	0
134822	Coral_ITS_045	0	0	0	0	0	0	0	0	0	0	132122.0	0	0	0	0	0	0	0	0	0	0	0	0	0	222.0	0	0	0	0	0	0	0	0	0	0	0	0	0	0	0	0	0	0	0	0	0	0	0	0	0	0	0	0	0	0
134889	Mucus_ITS_064	0	0	0	0	0	0	0	0	0	0	28645.0	0	0	0	0	0	0	0	0	0	0	0	0	0	0	0	0	0	0	0	0	0	0	0	0	0	0	0	0	0	0	0	0	0	0	0	0	0	0	0	0	0	0	0	0
134856	Mucus_ITS_031	0	0	0	0	0	0	0	0	0	0	0	37289.0	0	0	0	0	0	0	0	0	0	0	0	0	0	0	0	0	0	0	0	0	0	0	0	0	0	0	0	0	0	0	0	0	0	0	0	0	0	0	0	0	0	0	0
134788	Coral_ITS_011	0	0	0	0	0	0	0	0	0	0	0	237185.0	0	0	0	0	0	0	0	0	0	0	0	0	0	0	0	0	0	0	0	0	0	0	0	0	0	0	0	0	0	0	0	0	0	0	0	0	0	0	0	0	0	0	0
134885	Mucus_ITS_060	0	0	0	0	0	0	0	0	0	0	0	0	0	0	0	0	0	0	0	0	0	0	0	0	0	0	0	0	0	0	0	0	0	0	117205.0	0	0	0	0	0	0	0	0	0	0	0	0	0	0	0	0	0	0	0	0
134818	Coral_ITS_041	0	0	0	0	0	0	0	0	0	0	0	0	0	0	0	0	0	0	0	0	0	0	0	0	0	0	0	0	0	0	0	0	0	0	91781.0	0	0	0	0	0	0	0	0	0	0	0	0	0	0	0	0	0	0	0	0
134874	Mucus_ITS_049	0	0	0	0	0	0	0	0	0	0	0	0	0	0	0	0	0	0	0	0	0	0	0	0	0	0	0	0	0	0	0	0	0	0	0	7791.0	0	0	0	0	0	0	0	0	0	0	0	0	0	0	0	0	0	0	0
134807	Coral_ITS_030	0	0	0	0	0	0	0	0	0	0	0	0	0	0	0	0	0	0	0	0	0	0	0	0	0	0	0	0	0	0	0	0	0	0	0	121131.0	0	0	0	0	0	0	0	0	0	0	0	0	0	0	0	0	0	0	0
134906	Mucus_ITS_081	0	0	0	0	0	0	0	0	0	0	0	0	0	0	0	0	0	0	0	0	0	0	0	0	0	0	0	0	0	0	0	0	0	0	0	0	2940.0	0	0	0	0	0	0	0	0	0	0	0	0	0	0	0	0	0	0
134839	Coral_ITS_062	0	0	0	0	0	0	0	0	0	0	0	0	0	0	0	0	0	0	0	0	0	0	0	0	0	0	0	0	0	0	0	0	0	0	0	0	46818.0	0	0	0	0	0	0	0	0	0	0	0	0	0	0	0	0	0	0
134901	Mucus_ITS_076	0	0	0	0	0	0	0	0	0	0	0	0	0	0	0	0	0	0	0	0	0	0	0	0	0	0	0	0	0	0	0	0	0	0	0	0	0	15536.0	0	0	0	0	0	0	0	0	0	0	0	0	0	0	0	0	0
134834	Coral_ITS_057	0	0	0	0	0	0	0	0	0	0	0	0	0	0	0	0	0	0	0	0	0	0	0	0	0	0	0	0	0	0	0	0	0	0	0	0	0	80020.0	0	0	0	0	0	0	0	0	0	0	0	0	0	0	0	0	0
134853	Mucus_ITS_028	0	0	0	0	0	0	0	0	0	0	0	0	0	0	0	0	0	0	0	0	0	25310.0	0	0	0	0	0	0	0	0	0	0	0	0	0	0	0	0	0	0	0	0	0	0	0	0	0	0	0	0	48807.0	0	0	0	0
134806	Coral_ITS_029	0	0	0	0	0	0	0	0	0	0	0	0	0	0	0	0	0	0	0	0	0	0	0	0	0	0	0	0	0	0	0	0	0	0	0	0	0	0	159062.0	0	0	0	0	0	0	0	0	0	0	0	0	0	0	0	0
134785	Coral_ITS_008	0	0	0	0	0	0	0	0	0	0	0	0	0	0	0	0	0	0	0	0	0	45595.0	0	0	0	0	0	0	0	0	0	0	0	0	0	0	0	0	0	0	0	0	0	0	0	0	0	0	0	0	0	0	71633.0	0	0
134865	Mucus_ITS_040	0	0	0	0	0	0	0	0	0	0	0	0	0	0	0	0	0	0	0	0	0	0	0	0	0	0	0	0	0	0	0	0	0	0	0	0	0	0	0	0	0	0	0	0	0	0	0	0	0	0	0	0	0	42910.0	0
134786	Coral_ITS_009	0	0	0	0	0	0	0	0	0	0	0	0	0	0	192468.0	0	0	0	0	0	0	264.0	0	0	0	0	0	0	0	0	0	0	0	0	0	0	0	0	0	0	0	0	0	0	0	0	0	0	0	0	0	0	0	0	0
134789	Coral_ITS_012	0	0	0	0	0	0	0	0	0	0	0	0	0	0	0	377149.0	0	0	0	0	0	0	0	425.0	0	0	0	0	0	0	0	0	0	0	0	0	0	0	0	0	0	0	0	0	0	0	0	0	0	0	0	0	0	0	0
134794	Coral_ITS_017	0	0	0	0	0	0	0	0	0	0	0	0	0	0	0	0	149660.0	0	0	0	0	0	0	0	0	0	0	0	0	0	0	0	0	0	0	0	0	0	0	0	0	0	0	0	0	0	0	0	0	0	0	0	0	0	0
134868	Mucus_ITS_043	0	0	0	0	0	0	0	0	0	0	0	0	0	0	0	0	0	0	0	0	0	0	0	0	0	0	0	0	0	0	0	0	0	0	0	0	0	0	0	1050.0	15092.0	0	0	0	0	0	6630.0	0	0	0	0	0	0	0	0
134867	Mucus_ITS_042	0	0	0	0	0	0	0	0	0	0	0	0	0	0	0	0	0	0	0	66123.0	0	0	0	0	0	0	0	0	0	0	0	0	0	0	0	0	0	0	0	0	0	0	0	0	0	0	0	0	0	0	0	0	0	0	0
134904	Mucus_ITS_079	0	0	0	0	0	0	0	0	0	0	0	0	0	0	0	0	0	0	0	0	0	0	0	0	0	0	0	0	0	0	0	0	0	0	0	0	0	0	0	0	0	0	0	10597.0	0	0	0	0	0	0	0	0	0	0	0
134897	Mucus_ITS_072	0	0	0	0	0	0	0	0	0	0	0	0	0	0	0	0	0	0	0	0	0	0	0	0	0	0	0	0	0	0	0	0	0	0	0	0	0	0	0	0	0	0	0	0	0	0	0	0	0	0	0	0	0	0	0
Sequence accession / SymPortal UID		883-968-914-976	883-9518-2111-4878-3187-10042	883-4521-10097-4488	883	2830		883-29270-29385	883-4521-965	56591	958-883-7626	883-930	883-5893-4911	57158	883-2111-9518-4878	883-9518-2111-4878-919-10050-4524	883-4878-2111-9518-10050-40252	958-883-1016-965	9518	883-958	958-883-1016-930	8181	857-2-1379-4-1398	2-4-860-857-1104-2088-1116-2660	857-2-56599-1379-4	857/2-1379-2948-4	857-2-1379-2948-1380-905	2-4-2088-857-860-1104-1116-1113-2660-1110	1584-2459-10000-2325	32-11067-18740-358	517-1574-523-611		857	517-1140-5431-1596-1138-1953-1134-9044	7095-57176	1115-517	1489-1115-517	32-18740-358	32/2-2678-38928-2051-2739-5602-3393	857-2-1379-1398-4-1380-905	1584	2-4-1116-857-2088-860-1104-1113-1110-1109-875	857-2-4-517-860-32	2-32-4-857-860	857-2-1379-1380-4-1384	2	517	853-854-2308-1730-855-1752	853-854-2582-2587-1759-944-1768-855-2594-1730-2597	853-854-2332-1730-1752	1835-1836-2903-3703	853-854-1730-1752-933	853-854	853-854-1730-2582-1768-1759-944-2587-933	853-854-1730-2332-1752-3850	853-854-2332-2582-1730
Average defining sequence proportions and [stdev]		0.713[0.142]-0.147[0.083]-0.074[0.028]-0.066[0.036]	0.595[0.041]-0.163[0.048]-0.096[0.054]-0.096[0.028]-0.026[0.011]-0.024[0.018]	0.794[0.022]-0.086[0.009]-0.071[0.014]-0.050[0.005]	1.000[0.000]	1.000[0.000]	0.620[0.207]/0.380[0.207]	0.903[0.032]-0.056[0.000]-0.041[0.032]	0.839[0.024]-0.151[0.019]-0.009[0.005]	1.000[0.000]	0.600[0.103]-0.386[0.101]-0.014[0.002]	0.806[0.011]-0.194[0.011]	0.790[0.056]-0.195[0.055]-0.015[0.001]	1.000[0.000]	0.614[nan]-0.179[nan]-0.159[nan]-0.048[nan]	0.593[nan]-0.129[nan]-0.122[nan]-0.112[nan]-0.017[nan]-0.015[nan]-0.011[nan]	0.572[nan]-0.164[nan]-0.154[nan]-0.075[nan]-0.023[nan]-0.012[nan]	0.638[nan]-0.337[nan]-0.016[nan]-0.009[nan]	1.000[nan]	0.891[nan]-0.109[nan]	0.485[nan]-0.476[nan]-0.031[nan]-0.008[nan]	1.000[nan]	0.555[0.023]-0.300[0.049]-0.071[0.030]-0.044[0.014]-0.030[0.011]	0.461[0.048]-0.281[0.027]-0.059[0.016]-0.058[0.028]-0.046[0.010]-0.033[0.010]-0.032[0.015]-0.030[0.012]	0.649[0.054]-0.173[0.062]-0.094[0.035]-0.066[0.017]-0.019[0.015]	0.630[0.129]/0.219[0.093]-0.064[0.016]-0.047[0.017]-0.040[0.051]	0.707[0.028]-0.149[0.013]-0.065[0.003]-0.051[0.017]-0.017[0.003]-0.012[0.003]	0.370[0.055]-0.243[0.018]-0.089[0.063]-0.063[0.024]-0.052[0.010]-0.050[0.013]-0.048[0.022]-0.042[0.017]-0.034[0.009]-0.009[0.003]	0.822[0.032]-0.080[0.029]-0.063[0.012]-0.034[0.015]	0.462[0.019]-0.397[0.051]-0.125[0.041]-0.016[0.009]	0.908[0.019]-0.064[0.016]-0.017[0.002]-0.011[0.001]	0.545[0.106]/0.455[0.106]	1.000[0.000]	0.659[0.013]-0.118[0.015]-0.057[0.008]-0.048[0.007]-0.039[0.002]-0.029[0.004]-0.027[0.004]-0.023[0.003]	0.960[0.003]-0.040[0.003]	0.808[0.000]-0.192[0.000]	0.713[0.025]-0.151[0.006]-0.137[0.019]	0.918[0.007]-0.069[0.006]-0.013[0.002]	0.287[0.095]/0.236[0.148]-0.167[0.018]-0.142[0.023]-0.072[0.025]-0.048[0.015]-0.025[0.007]-0.022[0.007]	0.600[nan]-0.206[nan]-0.103[nan]-0.031[nan]-0.025[nan]-0.022[nan]-0.013[nan]	1.000[nan]	0.484[nan]-0.268[nan]-0.055[nan]-0.045[nan]-0.042[nan]-0.040[nan]-0.030[nan]-0.013[nan]-0.009[nan]-0.007[nan]-0.007[nan]	0.465[nan]-0.281[nan]-0.134[nan]-0.066[nan]-0.042[nan]-0.012[nan]	0.456[nan]-0.229[nan]-0.124[nan]-0.108[nan]-0.082[nan]	0.674[nan]-0.184[nan]-0.101[nan]-0.018[nan]-0.017[nan]-0.007[nan]	1.000[nan]	1.000[nan]	0.615[0.042]-0.268[0.019]-0.032[0.014]-0.030[0.009]-0.029[0.007]-0.027[0.012]	0.396[0.082]-0.187[0.039]-0.086[0.026]-0.075[0.041]-0.058[0.018]-0.046[0.012]-0.039[0.013]-0.035[0.017]-0.027[0.006]-0.025[0.014]-0.025[0.006]	0.572[0.032]-0.291[0.034]-0.066[0.030]-0.042[0.018]-0.030[0.019]	0.550[0.017]-0.367[0.023]-0.053[0.003]-0.031[0.006]	0.680[nan]-0.221[nan]-0.046[nan]-0.042[nan]-0.010[nan]	0.611[nan]-0.389[nan]	0.641[nan]-0.221[nan]-0.043[nan]-0.021[nan]-0.018[nan]-0.018[nan]-0.015[nan]-0.013[nan]-0.010[nan]	0.646[nan]-0.257[nan]-0.037[nan]-0.027[nan]-0.026[nan]-0.006[nan]	0.524[nan]-0.281[nan]-0.130[nan]-0.038[nan]-0.027[nan]
